Task_2_A:
	n = 500, r = 5, k = 5
		delta = 134.64688104502122; z = 26.29622760486423 || An alternative hypothesis should be accepted H_1
	n = 5000, r = 50, k = 55
		delta = 4728.771630887853; z = 2766.7829362344587 || An alternative hypothesis should be accepted H_1
	n = 50000, r = 100, k = 105
		delta = 34056.008896812775; z = 10533.166610314229 || An alternative hypothesis should be accepted H_1


