Task_2_B:
	n = 500
		p_value = 0.4334248376993508; z = 0.08765225405765815 || An alternative hypothesis should be accepted H_1
	n = 5000
		p_value = 0.43224590439383614; z = 0.027718076486993554 || An alternative hypothesis should be accepted H_1
	n = 50000
		p_value = 0.42588890142225955; z = 0.008765225405765815 || An alternative hypothesis should be accepted H_1


