Task_2_B:
	n = 500
		p_value = 0.42328575714302863; z = 0.08765225405765815 || An alternative hypothesis should be accepted H_1
	n = 5000
		p_value = 1.031488546443542; z = 0.027718076486993554 || An alternative hypothesis should be accepted H_1
	n = 50000
		p_value = 1.000007368473763; z = 0.008765225405765815 || An alternative hypothesis should be accepted H_1


