Task_2_B:
	n = 500
		p_value = 0.3967285949143796; z = 0.08765225405765815 || An alternative hypothesis should be accepted H_1
	n = 5000
		p_value = 0.4323438926537557; z = 0.027718076486993554 || An alternative hypothesis should be accepted H_1
	n = 50000
		p_value = 0.42797835708635934; z = 0.008765225405765815 || An alternative hypothesis should be accepted H_1


