Task_2_C:
	n = 500
		tau_value = 0.3061963927855711; z = 0.05843483603843876 || An alternative hypothesis should be accepted H_1
	n = 5000
		tau_value = 0.2929173034606922; z = 0.018478717657995705 || An alternative hypothesis should be accepted H_1
	n = 50000
		tau_value = 0.2917900086001719; z = 0.005843483603843878 || An alternative hypothesis should be accepted H_1


