Task_2_A:
	n = 500, r = 5, k = 5
		delta = 1207.3560414972892; z = 26.29622760486423 || An alternative hypothesis should be accepted H_1
	n = 5000, r = 50, k = 55
		delta = 10238.537200427974; z = 2766.7829362344587 || An alternative hypothesis should be accepted H_1
	n = 50000, r = 100, k = 105
		delta = 19077.94966660016; z = 10533.166610314229 || An alternative hypothesis should be accepted H_1


