N = 100
 mean = 0.01241823365670895
 dispersion = 1.0567888804389332
 first_A_task:  [-0.2651373745264916, 0.28997384183990954]
 second_B_task: [-0.25979254293321496, 0.2846290102466329]
 third_C_task:  [0.7954962932367264, 1.662355976471892]

N = 10000
 mean = 0.010536330606870653
 dispersion = 0.998281086023975
 first_A_task:  [-0.015182595608311361, 0.03625525682205267]
 second_B_task: [-0.015177686138721102, 0.03625034735246241]
 third_C_task:  [0.9611884286205601, 1.0338389341174303]

N = 1000000
 mean = 0.0006409312384222912
 dispersion = 1.0005092896929084
 first_A_task:  [-0.0019362148275069025, 0.0032180773043514847]
 second_B_task: [-0.0019362099084415981, 0.0032180723852861803]
 third_C_task:  [0.9973818548259418, 1.0046748685743963]

