N = 100,	mean = -0.051163818242521496,	dispersion = 1.0764108921956292
 first_A_task:  [-0.3338729623000261, 0.23154532581498313]
 second_B_task: [-0.3284288901201933, 0.2261012536351503]
 third_C_task:  [0.8253114262147941, 1.7246609361766456]

N = 10000,	mean = -0.0010923393810017392,	dispersion = 0.9941704661687242
 first_A_task:  [-0.026705362829682458, 0.02452068406767898]
 second_B_task: [-0.026700473575804445, 0.024515794813800968]
 third_C_task:  [0.9532889589876571, 1.0253423906487436]

N = 1000000,	mean = 0.0005523277585819654,	dispersion = 1.0002787695009512
 first_A_task:  [-0.002024224525548358, 0.003128880042712289]
 second_B_task: [-0.0020242196076164206, 0.0031288751247803516]
 third_C_task:  [0.9969223085283293, 1.0042119620016292]

